%YAML:1.0
---
intrinsic: !!opencv-matrix
   rows: 3
   cols: 3
   dt: d
   data: [ 5.7457190819892378e+02, 0., 3.4462657248354753e+02, 0.,
       5.7143365568268814e+02, 1.9254279536745989e+02, 0., 0., 1. ]
distCoeffs: !!opencv-matrix
   rows: 1
   cols: 5
   dt: d
   data: [ -2.4490734421684207e-01, 1.3653717505500443e-02,
       -1.1388962023257140e-03, 1.6317143688081349e-03,
       -2.1999633423072812e-01 ]
